411.4016387420431 216.80139564124707 381.6898149889865 600.8335457253286 429.0929143658548 
103.51315586852677 423.05471796241704 301.65313840044325 273.03377772682506 188.47700450499698 
102.74828194004591 489.25896147947685 523.1705966719303 289.93160976306024 445.35371985380226 
409.8804570061321 421.63357868271873 106.980970123108 219.96186224699363 328.5192916341175 
421.08478571947643 415.97403848951535 81.99445605320267 334.7223494742858 331.540270009076 
531.569436335961 355.29858681110716 223.58660871394912 586.7602089148539 491.0789867805407 
50.605795117117935 585.5897438251334 501.30047222719924 370.68384246980037 66.44971963310951 
588.8401543625653 139.31969223817697 92.11678969066075 468.6359313284532 87.34017723153549 
566.235399578973 228.4048219840941 494.3578404474592 38.856187896777634 404.3230850771103 
267.26529198827467 477.052300648303 165.98946811191553 563.3517640232692 540.749801840288 
238.08871580862018 144.0414517633011 367.350077448246 379.72931520770777 41.38537676185672 
549.2671504118729 248.59636821908393 201.81434282508883 157.04682898921095 551.1105355297482 
529.9267084403842 391.30394835723666 30.116003001603026 282.0156119599525 366.45453501689786 
179.75727894280695 600.5347430336177 368.4068925407734 467.7956150535504 485.7814700581092 
270.40669377162374 256.43307547836935 171.89220805537468 422.6295351773499 364.6561315641827 
116.06763887946832 591.5300348447928 132.20212116162924 81.17653443406257 457.1601763795274 
504.6418978069812 554.0467622046687 76.56266062425021 341.0320854601777 609.4916294359869 
487.94855350071845 383.5198897641432 21.210472624460436 115.83225402546051 458.70569417833934 
106.0445293330911 196.89405242656676 393.13191877727314 241.6840754753638 488.46887179990307 
412.7445781891584 546.9614925829238 457.74422511793307 504.4647811114151 488.5979077404114 
544.6375809759853 196.13467212020544 62.099500031418756 612.6880497788804 61.214538115762835 
173.94530671818518 271.03744359199834 81.97834337215752 566.9194969916616 90.71467001416572 
567.981728273108 223.19312066777186 327.12388694973004 586.7845558202563 446.4492602869645 
378.14395614847274 335.9454552605236 563.9962571384905 486.97302976507297 586.9440626167137 
354.5742663001095 577.3215491933418 533.8253761099359 152.7045304387807 375.41670847439747 
356.0227369837966 214.35600094936288 21.306403857172732 183.15101375105644 262.9350246736999 
547.038561010657 259.84205397321443 33.78821711119289 450.4654587915992 134.31940724622228 
267.3198198567678 222.832199365846 21.901653384973123 586.3623606423984 501.22554278791165 
463.63266465355565 456.6245893332049 571.7832385645615 453.53479968456617 147.02458430534867 
307.8187093752297 41.46787454880046 359.7695814203374 103.3482400253462 131.2735787044778 
