364.85266742674116 325.2131074028515 278.11872850732294 91.12095233311311 104.04543022717048 
453.2878662121255 366.23716868657334 355.7127442805704 66.55538348733624 180.0922574914978 
498.0651280004198 407.0343238556493 363.8331028135364 159.2414176181371 272.88147619002945 
459.9310712251864 337.4338005562746 12.905267383960242 14.046519687941174 299.4498905494676 
15.301336438120751 291.6402771111065 68.44099941457236 101.64798675519876 12.662930195988789 
422.28875621912 207.74219867876934 165.32102863673632 473.2374618006151 270.89897609273663 
289.74029727095916 244.1034902504459 271.46070116408845 72.61911658685287 462.89821400823774 
293.39448597034414 321.4305056351195 105.5182667864759 322.35794343479154 71.5622078195664 
463.2750626972876 110.28749643526513 50.59651345298726 159.8799339938186 22.647406159757512 
82.77422492517444 200.9348042818172 90.64701893987025 264.04925717867457 191.30296759073883 
407.1022176822929 397.9476513660211 83.68731781589038 195.7355111118728 427.0603809671206 
30.50080172347085 412.56519885838804 370.22381756085065 54.28904982289394 191.05432062416742 
425.51403882454525 56.60863066623916 54.737264076978974 291.77630798554907 276.8649847047311 
100.41692364197174 412.6428869097133 340.0969788633678 208.46662488998984 46.411449001685966 
293.42376418331764 194.45410478481472 500.750533660434 95.64528011206407 256.84340714543606 
254.39505910275057 362.54803631355367 450.97475019162005 378.6546177179261 274.48877242596933 
480.36132077645175 302.9836598822214 63.92388139771892 116.50057076694347 72.79200850749967 
333.2719989123068 460.23986874927465 379.2830944285608 420.8303068061363 237.06238452992312 
504.0090903075808 470.8364155576226 469.7079484685605 392.07710832196545 258.0418111779302 
311.9904294520336 223.01790307229828 425.6392138898719 323.63137073426356 486.162790286355 
274.8040695526872 56.95044111880087 235.33010683457212 274.64523909994364 450.3241243440624 
216.49938873002776 371.62478781127396 141.87178470215332 151.18851495655994 69.55289104107175 
39.71502360125322 360.12163376759565 125.5788440418385 195.68376318290325 17.59739908599244 
88.11004392858251 509.2487269508907 301.2880783368067 461.6587674788732 342.9202308310376 
108.01018529802185 467.04508281147463 212.98166662220495 429.7295439391918 17.408879326294695 
57.27274488484551 160.56498683196128 18.78288186786613 300.2910217963897 43.13238968325732 
444.66305804374986 184.0665732035302 67.96544383224456 116.635129175078 408.4463407773499 
343.1357941757753 435.6636144672267 97.40355817783568 331.18663907889436 162.54874541510134 
448.0009315873023 259.14161544581395 101.17024720073735 118.36057347698025 195.14236541172752 
327.7659056484934 111.54188484814958 26.130225840481017 465.375604569661 28.151429735575874 
